100
2 1
100 20
200 10
2 2
100 20
200 10
3 2
100 10
100 10
100 10
4 2
9 3
7 1
10 1
8 4
9 4
201657 836166
662349 39941
704438 785256
713190 393840
760159 216388
562242 861195
296757 128494
814826 731520
155327 234822
2 2
109736 118881
205128 63597
10 7
23684 2474
28344 2694
25252 2470
21959 2624
22212 2226
212103 53
260445 79
24811 2778
21467 2025
255382 67
9 3
67656 348643
238709 98814
31434 750391
148592 158742
27175 867996
32559 724463
47432 497297
101507 232376
275041 85761
10 4
43910 571920
111741 224743
28653 876453
602476 41683
35471 707987
53687 467767
605965 41443
585112 42920
228768 109775
128749 195054
9 3
20021 2941
254101 72
22750 2625
22419 2134
23391 2462
26798 2222
256898 26
22012 2967
27451 2705
9 2
3723 311867
3587 398997
17296 84
3259 387506
3675 399734
3391 336339
3061 329268
18966 6
3307 341566
6 3
28661 2112
22009 2730
22685 2731
23947 2655
217187 93
263178 4
8 2
630707 118330
331802 224928
113614 656887
236894 315042
129459 576488
769580 96977
596518 125112
294118 253747
4 1
117857 461952
90389 602333
600844 90613
185514 293478
10 7
291204 138482
853677 434749
737235 471774
43181 24130
408537 560707
673985 972311
147842 197916
184589 1397
127105 259116
914456 426605
10 6
18018 183396
54054 61132
279279 11832
20706 159588
83538 39556
3927 841464
452166 7308
178002 18564
563992 5859
20097 164424
9 5
15466 402948
85239 73112
15444 403522
63714 97812
35178 177156
317053 19656
9768 638001
13338 467236
17784 350427
3 2
44289 366792
286824 56637
130758 124236
7 4
3075 301869
3714 332925
3758 340480
13438 11
10776 43
3428 366262
3545 324245
5 3
112056 423243
578956 81918
976948 48546
148074 320292
160839 294872
7 3
479928 165933
434286 183372
796343 100002
176848 450307
783679 101618
277872 286592
425285 187253
3 1
13375 46
3189 377817
3746 354605
5 3
727272 29971
399126 54612
57239 380808
84952 256581
333207 65416
10 6
450226 969777
290522 79660
328601 114428
5795 742258
746184 272435
412291 295917
307263 634585
223969 865879
169034 480952
600915 484902
6 4
215672 92
28861 2906
23351 2753
247184 17
21664 2741
27883 2918
10 6
19608 973791
20748 920286
171912 111069
102942 185484
194532 98154
546858 34916
892164 21402
183352 104139
425334 44892
33579 568632
4 1
262610 76
25839 2632
25450 2347
25782 2143
2 1
13408 55
3442 340869
10 10
1000000 1000000
1000000 1000000
1000000 1000000
1000000 1000000
1000000 1000000
1000000 1000000
1000000 1000000
1000000 1000000
1000000 1000000
1000000 1000000
8 6
12423 54
16391 13
3405 390206
3264 341613
3116 383664
3928 334158
3909 361121
3844 336861
8 5
119784 177489
738668 28782
313131 67896
828282 25668
693966 30636
26936 789291
52762 402948
98072 216783
4 1
573325 293680
759695 284575
620373 634930
491410 55364
5 1
199334 175440
283071 123542
261917 133520
411716 84940
202682 172542
4 1
26360 2602
23928 2020
29804 2617
265566 86
4 1
22257 2343
29360 2616
27021 2274
265280 16
5 3
465636 182186
373326 227234
258666 327961
194960 435127
161100 526582
8 2
22785 2957
25523 2768
271253 24
267396 98
20202 2607
22761 2732
25159 2333
29840 2324
10 6
3012 387138
14469 37
11585 18
3065 333549
3106 318472
3041 386191
3511 386120
3304 387217
3759 320357
19700 19
5 3
907816 18981
34314 502164
811188 21242
415251 41496
19656 876641
2 1
12593 79
3686 321259
6 2
719078 603599
284469 940525
474132 37641
150222 558997
799319 597055
700835 782032
3 2
28262 2600
27658 2606
298009 22
6 3
695930 572979
331544 123414
985694 822850
248106 678531
830275 276354
291221 514045
3 2
221828 71
21173 2665
21462 2675
8 5
261096 15561
21252 191178
244283 16632
67298 60372
15732 258258
6622 613548
499928 8127
35948 113022
3 2
18270 95
3744 375738
3815 340805
5 1
290657 67106
724010 26940
20300 960829
643915 30291
42289 461227
5 1
3275 334705
3373 304270
13074 5
16236 81
3148 386819
3 1
3409 338691
3858 383754
11053 81
1 1
1 1
9 2
776729 787209
464833 648878
550894 541789
719207 197110
345536 792162
64525 551665
288974 746612
720996 389986
925331 978432
2 1
49653 516497
241705 106103
3 1
282111 64
29911 2056
29203 2209
5 3
10458 58
3925 343551
3115 377524
3011 350195
16899 34
6 3
66768 911567
343007 177441
348786 174501
110503 550786
811784 74975
865362 70333
3 1
262722 237134
238566 261145
615774 101174
3 2
801864 17391
28644 486846
15708 887778
4 1
472434 263882
626081 798852
29411 222979
134489 523600
3 1
571277 135542
210786 367349
340717 227262
8 3
456952 146431
468794 503852
426787 835534
714655 469247
441455 93991
422061 403702
416552 883119
329427 242979
6 4
10374 154836
3762 426972
21896 73359
6006 267444
105336 15249
525096 3059
8 5
29020 2141
24612 2741
27090 2076
24865 2305
26379 2669
288733 7
23448 2615
224230 94
2 1
595042 49683
264002 111982
3 1
253426 16
25165 2009
29209 2789
5 1
265829 71
27396 2640
24380 2659
29744 2801
203825 41
9 5
18354 503316
231363 39928
282348 32718
560142 16492
539028 17138
94829 97416
50922 181412
97416 94829
77748 118818
7 2
156481 486790
158145 481668
178820 425978
128205 594153
654658 116356
114753 663803
217891 349594
6 4
513987 124958
199303 322257
495535 129611
411895 155930
466500 137678
618362 103866
9 2
137966 492326
337174 367452
822393 245677
618724 459833
298268 851903
891251 97434
475708 512774
943719 608652
686863 608045
8 2
19182 61
3279 371677
3659 390045
19940 61
3949 399643
3929 371091
3441 341663
3654 383861
7 3
3589 307130
3462 304617
3388 385702
3157 305687
18821 5
3829 335373
14806 38
4 2
695784 24413
760247 367886
151240 330222
415775 793627
5 3
467032 809468
757394 680090
850521 128239
374007 114609
214597 356648
9 5
177935 329230
960216 461628
291176 535098
378248 551391
269640 86793
589640 822796
886768 757980
401259 204987
392889 761247
6 3
677178 106703
276608 261225
167304 431890
570849 126578
203067 355828
589280 122619
7 2
3939 324535
3544 312365
3441 379788
17343 75
3565 385647
19506 72
3950 366842
3 1
138450 710089
745359 327005
363258 208228
10 5
3023 334678
13016 78
3106 353685
19535 65
3208 304128
3132 386339
10627 52
3383 356667
3188 306659
3096 308714
6 4
268632 41667
254904 43911
34314 326196
124488 89913
12546 892164
302328 37023
8 3
253069 20
25463 2341
29444 2755
281641 76
20496 2466
22388 2387
25731 2127
28157 2298
9 5
35002 960876
37884 887778
100936 333207
517297 65016
105006 320292
42966 782772
137268 245014
887778 37884
213528 157509
8 5
154008 50141
758632 10179
19656 392863
59892 128934
121923 63336
176111 43848
165186 46748
731538 10556
2 1
15265 35
3203 329658
9 4
890144 136355
6822 440931
285192 633510
824604 739781
353491 893567
605890 433923
835790 317639
397940 445149
887938 695016
3 1
16207 19
3711 374912
3280 356708
7 4
25389 248952
611754 10332
61992 101959
10332 611754
13981 452088
16146 391468
269514 23452
6 3
19154 85
19704 45
3905 346622
3102 304755
3883 396575
3650 388607
6 4
3998 314646
3959 315931
11271 59
3299 383483
3427 393564
13866 61
9 5
286088 301591
735130 70734
8560 385922
383212 366534
185841 301406
649539 144362
327583 857687
522071 697741
187368 177690
10 6
43401 227304
628038 15708
37884 260406
488474 20196
11316 871794
42504 232101
94248 104673
39606 249084
30668 321678
104673 94248
2 1
264414 202210
959293 55736
8 2
923149 215507
826020 990295
371460 353510
522124 409068
801755 35084
688840 77720
460142 963253
970619 185341
7 3
831233 677074
395736 855147
486552 670267
975193 366620
981362 488941
697376 493961
167446 176359
3 1
232444 150563
102362 341899
959150 36488
4 3
465709 961871
172004 916618
896090 695874
905102 493856
7 4
17802 643188
30659 373464
89838 127452
152334 75164
16146 709156
25327 452088
214396 53406
5 1
27562 2291
222648 80
20769 2043
23363 2122
234287 82
6 4
970830 74522
633167 114264
470738 153691
82319 878876
75598 957012
230999 313197
9 4
25270 2155
23195 2661
22175 2980
284797 45
23032 2845
28722 2581
21275 2721
20282 2888
258241 61
9 2
22833 2924
28435 2182
28355 2970
23130 2356
290337 82
26927 2979
276424 76
21422 2732
29755 2720
