100
2 1
100 20
200 10
2 2
100 20
200 10
3 2
100 10
100 10
100 10
4 2
9 3
7 1
10 1
8 4
2 1
110437 865528
688325 138868
9 2
926783 58762
86566 629111
973171 55961
964946 56438
105616 515638
263644 206565
82989 656227
525530 103628
257485 211506
8 5
30888 88711
100282 27324
4408 621621
3432 798399
186732 14674
23751 115368
205436 13338
10962 249964
5 1
234482 6
227299 11
20253 2306
26787 2375
22497 2702
9 5
62118 121524
652392 11571
92742 81396
14326 526932
42066 179452
978588 7714
8568 881049
244647 30856
23868 316274
4 3
28717 2457
21371 2554
24771 2986
294775 35
5 3
3388 382340
11133 87
15997 57
3073 366826
3563 358604
7 2
890848 9507
255998 932354
429332 338256
317282 42535
1226 588333
946834 110032
746777 623860
5 1
22435 2203
23237 2527
289109 85
28684 2432
218303 88
8 5
346086 19684
50388 135198
18088 376623
168606 40404
13804 493506
14763 461448
29393 231768
158508 42978
6 4
29754 164164
111969 43624
8294 588924
196308 24882
218196 22386
21112 231363
6 4
28878 2230
21479 2346
20395 2708
25873 2565
220393 14
254719 17
10 6
306153 32984
104006 97092
31464 320943
654534 15428
853461 11832
868434 11628
73899 136648
922374 10948
158746 63612
21576 468027
5 2
96130 985150
578258 163772
643049 147271
272580 347430
319701 296222
8 2
273833 161629
180815 244777
672655 65798
252157 175523
77523 570919
187941 235496
224489 197156
603490 73339
9 3
86384 775133
107139 624974
373133 179451
77182 867548
72956 917801
149525 447812
285941 234171
150003 446385
106169 630684
7 2
432827 870707
13625 455925
22963 888642
486823 614591
524569 741462
157681 142142
607514 121653
10 6
467423 26015
606968 314267
624523 585527
599720 594511
331478 619197
199197 990933
381783 992728
203549 427816
842975 364425
940035 298867
3 2
51428 79002
15093 269192
10836 374946
7 4
641566 546038
908782 752140
794342 893573
648699 976758
624391 686181
699528 437340
445943 306978
6 4
99044 290215
735443 39084
645093 44558
207414 138583
59529 482858
489094 58770
3 1
865189 660213
316593 70212
395980 999808
9 5
296184 78039
81432 283843
641732 36018
973176 23751
203688 113477
64844 356454
774387 29848
113022 204508
47502 486588
5 1
10546 80
3255 373163
14734 7
3369 328883
3602 334015
9 6
770389 809427
444213 935227
599897 167120
53742 378922
654617 36538
103259 479324
463651 950619
538535 329487
765791 207848
6 3
87362 9722
445800 562205
821213 313301
215891 67520
588456 172575
779453 989719
2 1
142738 573614
710210 770118
10 2
545086 91950
370545 135262
102203 490403
149990 334160
73259 684157
95374 525517
983568 50958
896677 55896
692456 72381
69215 724130
4 1
538648 111829
921122 936537
301750 48638
181959 646332
10 2
3910 378525
12409 15
3324 371948
3294 383460
18674 63
3542 383832
3854 365663
3895 387465
14339 100
3738 367526
5 1
872179 35598
426786 72748
37244 833633
31323 991215
747654 41527
10 7
714336 267459
481315 994512
477468 683143
794005 347448
706664 392803
798879 878466
201015 958022
388896 520483
326720 847540
204510 993747
1 1
1 1
9 2
386316 241460
172915 539455
664448 140387
227196 410570
342098 272670
477047 195536
800713 116496
638147 146173
474130 196739
7 2
3393 344838
3016 314283
3054 323801
11228 77
19120 10
3274 364928
3858 310656
6 3
397212 56957
492368 357632
308585 36008
4064 473069
1355 773327
341997 365843
5 1
26328 2258
223029 50
240853 17
26193 2903
23447 2932
2 2
486846 79212
101844 378658
7 1
19823 44
16508 98
3533 336970
3735 396572
3026 308013
3672 376627
3989 370412
10 5
276663 14
28769 2559
25502 2656
20507 2097
25705 2868
248385 25
257066 93
28546 2801
22994 2357
26583 2668
5 1
198370 166168
211190 156081
653530 50438
65257 505122
547745 60179
10 2
204395 50
29835 2703
28939 2028
21894 2817
281962 20
25798 2150
202730 48
25226 2509
27266 2205
23943 2564
3 1
204773 96
29943 2816
27563 2905
5 2
29191 2599
250088 45
296165 79
21127 2357
25610 2498
10 6
306069 633949
496005 760500
428904 342938
821004 312214
847 187824
900700 338873
798255 694499
286691 404126
661678 437763
387905 141730
7 5
3493 345195
3459 363088
3806 372592
18558 67
15173 41
3380 366651
3347 393934
2 2
29326 531468
35991 433048
10 2
847276 48834
360961 114627
111577 370828
120992 341972
49201 840956
99252 416877
48683 849904
989049 41834
100356 412291
275133 150385
7 5
3995 352016
3811 378057
3745 394223
3979 341229
13421 100
3737 327435
19189 3
7 3
177763 520940
137234 674788
711954 130070
488350 189626
370534 249920
123934 747203
735722 125868
3 2
3102 360757
3972 376146
16443 56
3 1
3429 394945
19949 50
3626 393075
9 6
511204 146834
359829 208605
638468 117566
393624 190695
128262 585225
689960 108792
699215 107352
932611 80486
259437 289327
7 4
382536 25327
643839 15048
259578 37324
45144 214613
71896 134757
79002 122636
731538 13244
8 2
194701 430846
141238 608782
138427 354623
711923 408229
935450 602866
113654 534211
119109 766008
368966 576566
3 1
3673 309224
3329 308485
19703 97
2 1
3886 382136
12657 77
9 2
22650 2726
23988 2266
276510 88
24925 2185
25453 2055
20095 2484
24660 2176
219565 53
20298 2001
7 4
31668 388926
604996 20358
516026 23868
40426 304668
75276 163618
49569 248472
15912 774039
7 4
405594 77572
212454 148092
934472 33669
732424 42957
391386 80388
135751 231768
274659 114552
4 1
28759 2268
231778 88
22800 2292
28218 2745
9 3
523226 36628
285951 67021
48486 395263
24439 784186
59290 323237
139465 137416
359597 53295
155712 123078
97271 197024
2 2
91698 140868
157122 82212
10 4
268403 467422
676635 38961
577195 694676
885976 395815
994428 644757
972584 251114
137439 990845
64587 31395
857082 621437
657778 406264
2 1
3962 339620
10570 74
8 5
462644 21978
693966 14652
153846 66092
106392 95571
12792 794871
700854 14508
158301 64232
195734 51948
8 3
27198 2923
28367 2550
23444 2755
26590 2478
220449 49
22864 2347
26041 2340
216359 26
5 2
212325 1
204676 56
28585 2341
28196 2821
25954 2258
4 1
955877 685439
996554 624281
224432 619830
299155 982536
9 5
59163 160776
805896 11803
108199 87912
660968 14391
142857 66584
78884 120582
201474 47212
46371 205128
22386 424908
10 2
201287 341749
123506 556974
888445 77427
119279 576712
127896 537856
522170 131738
141255 486989
884356 77785
680863 101033
273069 251913
7 5
3627 389543
19847 65
3937 338606
3209 325151
12462 53
3896 311892
3539 344427
4 2
3029 314594
15056 20
3511 309291
3172 368026
9 5
688344 43911
666414 45356
126936 238119
122808 246123
235683 128248
803068 37638
237636 127194
344172 87822
62307 485112
4 2
269348 186532
146262 343507
372754 134786
448862 111932
5 2
895109 796883
580899 147915
826785 794835
286373 360762
847686 4468
10 7
3540 338446
13924 1
3332 348579
3596 339352
12525 2
3225 334478
3813 384932
10313 46
3549 357754
3535 357805
10 3
578549 405777
319889 534717
507214 621993
87610 103590
486939 262349
384140 560153
77408 968947
869536 81138
675664 481192
770447 680831
7 4
3024 349786
3894 326672
3756 361552
15209 44
15325 40
3817 311793
3145 337895
5 1
15388 45
3043 389100
3949 348443
10148 55
3011 381391
7 5
21653 2881
27147 2788
26916 2736
265792 70
292514 93
28218 2999
20182 2402
5 1
22694 2992
286168 64
26857 2068
23646 2129
227625 5
3 2
218738 442921
320410 302374
387214 250207
3 2
162932 483685
286728 274852
769254 102447
3 1
294848 44
21425 2690
21127 2326
7 5
64916 160084
195023 603871
243275 775255
821640 969541
642717 434173
581540 854175
53403 45483
7 4
68913 42504
713713 4104
423522 6916
8866 330372
31878 91884
127512 22971
6006 487692
7 5
326753 430492
991399 758657
374662 640047
608591 695750
812634 549316
234529 114285
952339 479148
10 10
1000000 1000000
1000000 1000000
1000000 1000000
1000000 1000000
1000000 1000000
1000000 1000000
1000000 1000000
1000000 1000000
1000000 1000000
1000000 1000000
7 4
3257 385137
3605 333872
3517 385362
18279 43
3095 374705
17185 84
3395 354216
8 4
171462 261311
996063 44982
137995 324685
505271 88675
44905 997771
417520 107312
126975 352864
98783 453569
4 3
12852 731786
299367 31416
13838 679644
52836 178002
5 3
232749 8
25252 2201
22666 2356
23267 2619
203299 23
4 2
254618 22
23459 2927
27422 2956
20872 2866
4 1
3461 311400
19209 93
3240 326676
3754 308985
5 3
102254 167076
32508 525538
26316 649194
417339 40936
129688 131733
