100
2 1
100 20
200 10
2 2
100 20
200 10
3 2
100 10
100 10
100 10
4 2
9 3
7 1
10 1
8 4
6 1
92256 168184
34089 455161
786097 19738
674784 22994
555372 27938
748227 20737
8 2
244316 224778
644956 512261
804593 798847
669520 639182
956391 926950
151717 478038
510451 208944
282856 37428
4 2
3215 389288
3406 319921
12718 27
3073 363981
5 3
66945 49503
235255 44665
526400 255826
872733 892347
360457 639148
3 2
25889 2676
22721 2357
279952 92
8 5
307692 43214
30668 433566
302808 43911
365211 36408
15624 851037
257796 51578
42476 313038
20664 643467
4 3
713284 13986
111969 89096
30186 330484
830502 12012
3 1
3510 373789
17458 62
3364 349323
2 1
15231 66
3436 333746
3 1
588765 521095
779341 582612
384361 5617
9 2
124751 605694
559210 974696
687006 42163
2235 28041
170766 916911
848031 326954
815162 228865
920378 619072
85250 360547
10 2
3350 306338
3747 321866
3560 321141
3186 343999
3171 376504
13239 28
14492 14
17235 87
3472 372641
3705 312023
8 3
22142 998951
625254 583159
517681 8554
746380 924613
732149 489771
586617 526667
317997 129900
756273 379510
3 2
63440 180613
772928 300827
545084 923072
4 1
859105 624023
95641 202586
427900 242880
96538 258638
9 5
407828 427940
143358 597240
997951 323604
701716 375785
888037 184631
488256 858962
355643 155286
954376 539820
252550 798545
4 3
3579 321238
3763 387218
3275 301353
15628 52
9 4
200033 72
22004 2690
24059 2782
25209 2815
23315 2709
23763 2229
27512 2941
22639 2701
248913 2
2 1
27208 2533
208776 83
6 2
222053 58
25600 2451
29101 2309
20469 2740
26752 2574
275558 42
5 3
243945 751615
510171 665479
943902 90539
868814 162217
393795 310593
4 1
3806 370180
3404 374456
3773 335920
11353 67
10 2
14596 7
3961 397019
3253 371482
3738 303492
3526 369449
3491 344028
3485 375862
3271 330519
19264 80
17529 43
4 3
816408 14763
430236 28014
45954 262276
226366 53244
9 5
38786 244188
19516 485298
839188 11286
296184 31977
239768 39501
10098 937916
223839 42312
80883 117096
21812 434214
3 2
670115 430652
644593 48907
250736 177357
2 1
104580 530600
750313 73956
9 3
21155 2723
23199 2871
28200 2202
258620 6
26935 2164
24667 2730
236919 26
22782 2596
25431 2055
9 3
276307 24
26308 2645
27556 2928
20421 2966
23323 2872
28076 2001
21021 2503
28428 2807
287027 94
6 1
12539 25
11320 9
3583 363412
3605 340545
3820 361070
3709 360894
5 1
243832 304180
239063 310248
556059 133383
140492 527922
425397 174352
7 3
249549 352620
211895 415281
757802 116120
745419 118049
523421 168117
92951 946692
234778 374805
5 3
967846 23436
95571 237336
698523 32472
811188 27962
28536 794871
5 3
476343 797543
174252 515311
980388 605249
446601 288730
488738 664847
3 1
27954 2418
211754 21
29224 2594
4 3
18972 246246
462644 10098
880803 5304
713031 6552
2 1
22258 2216
286969 46
7 4
178227 138632
213624 115661
35588 694278
308568 80073
437224 56511
83076 297414
73554 335916
3 1
3931 351352
13558 100
3297 354378
10 6
188108 142506
90132 297414
63714 420732
536796 49938
331731 80808
121212 221154
60088 446121
276094 97092
95571 280488
564324 47502
10 6
115713 54264
58824 106743
113022 55556
61404 102258
37791 166152
37582 167076
51428 122094
110124 57018
12236 513162
59432 105651
5 2
273549 12
22165 2441
21639 2195
227961 79
22546 2175
3 2
258627 63
26209 2332
24476 2088
9 6
793798 120391
650827 146838
923737 103456
144087 663253
130336 733229
657716 145300
129840 736030
809231 118095
499465 191337
10 3
247004 397810
109229 899584
400177 245543
845253 116250
137871 712700
452543 217130
141032 696726
580171 169365
176863 555575
459570 213810
4 2
3788 397015
3888 360889
15847 86
3004 346621
10 2
258739 200237
539639 96007
889870 58221
317941 162952
322533 160632
598804 86521
894124 57944
171716 301714
699953 74018
804427 64405
4 3
79464 196137
46872 332519
65379 238392
340659 45752
4 1
3475 363479
3226 399902
17575 55
3831 361046
8 5
401964 84042
213624 158137
165186 204508
602301 56088
65016 519593
36708 920286
42021 803928
450984 74907
9 6
28277 2751
23597 2741
28612 2992
20301 2727
28518 2853
21087 2502
250592 98
21715 2177
282285 84
2 1
300534 75269
377242 218796
10 10
1000000 1000000
1000000 1000000
1000000 1000000
1000000 1000000
1000000 1000000
1000000 1000000
1000000 1000000
1000000 1000000
1000000 1000000
1000000 1000000
7 4
51127 316008
49364 327294
37023 436392
78474 205884
26158 617652
196308 82302
539847 29928
4 3
137268 131138
54264 331731
41412 434682
39032 461187
7 5
26423 2700
22661 2561
20611 2536
264076 84
20297 2710
22390 2123
212324 26
5 3
514264 373095
371522 123027
603419 790413
441179 399129
66722 431396
3 2
635805 519116
907706 928289
240834 134430
2 1
621367 115716
205407 350047
7 3
24089 2443
26751 2239
26578 2212
263493 24
25495 2412
275618 55
21086 2232
6 1
3084 306036
10429 7
14827 69
3784 391893
3324 331818
3293 308716
10 5
20579 2729
22022 2393
23908 2935
20036 2456
26443 2442
22757 2282
237603 64
220900 63
26269 2243
288522 35
8 6
3526 356293
3031 386312
3671 321268
3091 385871
3524 322795
3610 397918
17753 3
10068 13
3 1
27391 2314
27133 2889
208055 6
2 1
543969 23886
18088 718335
7 5
151963 70290
354466 30134
56079 190472
337797 31621
703933 15174
538164 19848
839277 12727
8 3
29822 2866
24958 2650
28938 2403
29511 2086
26321 2122
235079 40
219906 92
22867 2481
10 6
83076 115362
684216 14007
28152 340431
169592 56511
64844 147798
680862 14076
275587 34776
365976 26187
138159 69368
276318 34684
10 4
435054 84787
50440 731303
43972 838873
73719 500372
45233 815487
312837 117911
329527 111939
431426 85500
896772 41133
131323 280887
7 2
3591 386091
14801 3
12532 43
3971 366230
3964 395341
3284 330195
3314 338566
4 1
445613 37178
220139 75257
25289 655107
35760 463283
2 1
3295 396769
18223 24
6 2
346054 96142
860254 38675
325570 102191
35363 940823
187652 177298
503219 66115
7 3
547133 170540
270495 344953
794923 117380
823585 113295
544731 171292
194545 479622
933454 99960
4 3
14364 670514
215118 44772
103156 93366
28728 335257
6 4
117096 155961
29274 623844
22661 805896
66402 275028
671832 27183
150552 121303
10 2
231100 666104
653459 31215
346117 384558
648546 656115
667450 917255
876143 510845
965357 781913
703325 918608
247092 628917
610420 215170
7 5
3343 327254
13638 14
3541 342753
3860 317179
12881 86
3128 374006
3735 342253
8 5
539028 59942
290904 111069
44268 729882
158424 203949
432837 74648
131733 245272
160146 201756
75276 429226
5 2
588191 966647
94986 816378
139035 837605
386258 984281
758484 695829
4 2
13131 58
3149 304385
3567 342692
3103 363582
3 1
400576 53885
40548 532333
93466 230940
7 2
945565 979159
584632 548171
746056 934767
928278 187204
232702 848351
839826 742472
844372 848164
4 2
474961 108097
112298 457193
308944 166185
623164 82389
7 1
631985 65478
861188 631793
311257 15330
289387 482933
757848 292192
576190 969362
265687 319694
2 2
11739 816408
136068 70434
1 1
1 1
4 1
980476 841421
101826 338487
712444 775083
488747 314394
8 5
134982 673699
465941 195169
94243 964923
112648 807269
97635 931400
203988 445797
209104 434890
292461 310938
7 5
12271 42
17406 79
3942 339472
3252 308296
3280 307527
3492 328719
3682 333476
10 3
10297 30
3365 387104
3490 371797
14873 78
3110 364692
3347 342318
14208 84
3238 360332
3106 366153
3117 356299
10 4
488141 72353
62541 564725
946825 37302
40208 878394
959767 36799
56780 622023
45472 776708
296460 119134
76080 464228
270538 130549
7 5
153463 314929
428457 112800
77729 621775
311296 155254
741803 65152
526912 91723
328324 147202
6 4
285012 14858
35496 119301
974168 4347
612306 6916
88711 47736
6118 692172
9 6
242670 4
22532 2440
26464 2253
23080 2652
28493 2377
29536 2898
259281 70
22228 2454
20378 2113
6 4
24484 2611
224695 28
25444 2806
285064 88
27141 2770
20423 2691
