  11.9 
  11.2 
  12.3 
  11.3 
  11.6 
  11.3 
  11.1 
   9.6 
  11.7 
  11.8 
  13.0 
  12.4 
  10.9 
  11.1 
  12.9 
  10.2 
  11.9 
  10.2 
  11.0 
  12.0 
  14.1 
  11.2 
  12.1 
  12.0 
  11.2 
  11.8 
  12.3 
  11.4 
  12.0 
  12.5 
  11.4 
  10.9 
  11.3 
  13.1 
  11.6 
  10.0 
  10.5 
  11.6 
  12.5 
  10.9 
  13.0 
  11.7 
  13.2 
  11.6 
  11.9 
  11.2 
  11.7 
  13.0 
  12.7 
  13.2 
  11.5 
  10.9 
  11.0 
  12.6 
  11.6 
  11.5 
  11.2 
  13.0 
  11.1 
  10.8 
  12.5 
  10.6 
  13.2 
  11.9 
  12.0 
  12.1 
  12.7 
  11.8 
  11.9 
  10.7 
  11.3 
  11.2 
  12.6 
  10.8 
  12.5 
  10.8 
  10.8 
  12.4 
  10.9 
  10.3 
  11.8 
  10.1 
  11.5 
  12.2 
  11.4 
  11.9 
  10.9 
  11.0 
  10.5 
  13.2 
  11.3 
  11.2 
   9.2 
  10.8 
  11.2 
  10.8 
  12.6 
  11.1 
  11.5 
  10.6 
  12.7 
  13.5 
  14.2 
  10.9 
  11.6 
  11.1 
  11.8 
  12.8 
  11.0 
  13.1 
  11.6 
  11.6 
  10.6 
  14.0 
  13.4 
  11.2 
  12.2 
  11.1 
  13.5 
  12.3 
  11.1 
  12.3 
  11.6 
  13.8 
  10.8 
  11.6 
  11.4 
  12.0 
  11.6 
  11.6 
  11.1 
  12.5 
  13.2 
  13.2 
  10.7 
  14.2 
  13.6 
  10.8 
  12.3 
  13.2 
  11.6 
  12.1 
  12.7 
  12.3 
  11.2 
  12.8 
  11.5 
  13.3 
  12.0 
  13.7 
  12.7 
  12.6 
  12.1 
  13.2 
  11.2 
  13.0 
  15.5 
  13.3 
  12.2 
  12.1 
  11.4 
  12.1 
  12.0 
  10.4 
  12.6 
  10.9 
  11.2 
  11.8 
  12.7 
  12.8 
  10.8 
  11.4 
  12.2 
  13.4 
  13.5 
  12.8 
  14.1 
  11.9 
  12.5 
  12.8 
  13.5 
  12.2 
  10.7 
  13.2 
  10.6 
  12.0 
  13.6 
  13.6 
  11.3 
  10.7 
  13.7 
  12.4 
  12.1 
  12.5 
  11.7 
   9.9 
  12.4 
  13.4 
  12.2 
  11.2 
