-2.9
0.9
2.9
1.5
1.7
2.4
1.9
5.5
7.9
13.6
3.8
4.4
7.9
5.8
4.2
3.8
1.6
1.3
1.3
0.1
0.2
0
-0.1
0
-0.2
0.2
0.6
1.1
2.2
0.5
0.9
0.4
-0.4
-3
-5.1
-2.8
-3.3
-4.1
-2.3
-1.1
1.8
-0.6
-0.6
-1.4
-2.1
-1.1
0
-2.1
-1.3
-0.7
4.1
3.9
1.4
2.6
3.6
2.6
2.2
1.7
2.1
4.9
5.6
4.8
3.4
1.8
2.8
4.1
5.5
6.1
7.2
5.7
3.9
2.3
3
4.6
6.9
10.6
8.5
7.6
6.8
7.5
4.1
4.9
8.6
9.8
6.6
6.3
7.9
10
7
9.6
3.3
3.8
5.6
3.4
3.4
1.8
3.7
7.6
10.8
14.4
13.8
13.8
13.4
13.7
17.3
17.9
12
6.8
8.3
10.3
13
13.1
7.6
11.6
14.3
15.5
16.9
8.5
9.6
11
9.5
10.9
13.9
17.5
20.1
12.9
14
16.3
14.4
14.7
16.5
21
18.6
15.2
12.6
14.7
14.3
17.6
14.2
7.9
9
10.9
11
11.9
13.6
11.7
10
14.2
17.7
16.1
17.2
19.7
20.3
23
21.8
22.7
23.7
22.2
16.9
12.8
15.5
18.8
22.9
21.6
20
15.6
16.2
15.2
15.1
13.7
12
13.8
15.6
13.5
14.7
16.4
19.3
19.1
18.5
20.3
22.6
23.4
24.1
25.4
27.3
29.5
25.2
28.4
19.4
16.9
17.2
21.2
23.4
18.6
21.7
23.3
26
27.4
24.5
24.8
23.8
26.2
26
22.2
24.2
21
17.8
19.2
19.3
15.9
17.1
18.8
18.4
19.5
22.3
24.1
23.8
26.6
27.6
27.5
26.5
25.1
25.1
26.1
27.6
23.9
19.8
16.7
15.2
17.3
15.7
16.2
16.5
18.1
18.7
20.2
16.5
18.6
23.3
24.5
24
25.6
26.2
22.8
14.8
15
15.5
13.6
11.4
11.7
13.7
13.2
10.8
13.7
17.8
19.5
15.4
16.1
21.6
18.7
15.4
14.5
12.7
13.5
14.1
11
10.9
12.9
13.5
12.7
10.5
10.5
9.8
10.2
11.4
14.2
10.7
12.7
16.3
13.4
12.7
11.8
10.1
8.6
5.9
6.8
6.5
4.8
4.8
6
6.5
5.8
5.6
7.4
8.8
9.7
10
10.4
7.9
7.5
7.7
8.6
8.4
8.4
5.1
4.2
4.4
11
10.5
13
14.4
14.6
15
14.9
11.8
8.9
9.4
8.9
13.9
14.6
12
14.6
13.9
9.8
2.9
0.7
0.6
-0.2
2.4
2.2
0.5
1.5
5.5
9.6
9
8
5.3
5.4
7.9
7.8
7.7
3.4
4
2
3
6.9
4
2.5
5.9
7
9.1
7.9
6.3
4.2
6.7
10
9.4
7.4
9.9
7.3
6.1
2.9
0.1
1.7
2.1